12 64
12 93
13 78
14 47
15 43
15 64
16 54
16 57
17 58
17 89
18 33
18 103
19 43
19 55
19 65
20 32
20 60
20 88
21 24
21 48
21 64
22 31
22 93
23 49
23 56
23 73
23 90
24 28
24 48
25 29
25 35
25 93
26 74
26 90
27 55
27 65
27 83
27 99
28 26
28 61
29 61
29 95
30 23
30 49
30 77
30 91
30 101
31 30
31 44
31 78
31 90
31 91
31 123
32 20
32 41
32 69
32 95
32 104
33 16
33 45
33 77
34 36
34 61
34 89
34 127
35 20
36 42
36 54
36 58
36 95
36 117
37 11
37 32
39 52
39 66
39 108
39 113
39 118
39 121
40 30
40 45
40 88
40 102
40 119
40 126
41 40
41 81
42 46
42 49
42 64
42 71
42 77
42 94
43 12
43 22
44 17
44 39
44 42
44 110
44 120
45 41
45 46
45 55
45 79
46 20
46 76
47 58
47 72
47 75
47 120
48 60
48 79
48 111
48 116
49 24
49 92
49 106
49 117
50 83
50 90
51 111
52 36
52 39
52 59
52 71
52 101
52 117
52 127
53 56
53 73
53 76
54 24
54 27
54 32
54 42
54 45
54 124
55 28
55 57
55 123
55 124
55 125
56 60
56 68
56 85
56 127
57 25
57 45
57 63
57 64
57 65
58 6
58 47
58 64
58 65
58 66
58 67
59 64
59 65
59 66
59 67
59 68
59 77
59 92
59 108
59 113
60 14
60 54
60 57
60 61
60 62
60 63
60 64
60 65
60 66
60 67
60 68
60 69
60 70
60 115
60 121
61 20
61 28
61 46
61 60
61 61
61 62
61 63
61 64
61 65
61 66
61 67
61 68
61 69
61 70
61 71
61 72
61 111
62 13
62 22
62 60
62 61
62 62
62 63
62 64
62 65
62 66
62 67
62 68
62 69
62 70
62 71
62 72
62 73
62 74
62 82
62 102
63 9
63 25
63 61
63 62
63 63
63 64
63 65
63 66
63 67
63 68
63 69
63 70
63 71
63 72
63 73
64 31
64 44
64 61
64 62
64 63
64 64
64 65
64 66
64 67
64 68
64 69
64 70
64 71
64 72
64 73
64 79
64 107
65 59
65 62
65 63
65 64
65 65
65 66
65 67
65 68
65 69
65 70
65 71
65 72
65 73
65 74
65 75
65 112
65 121
66 22
66 62
66 63
66 64
66 65
66 66
66 67
66 68
66 69
66 70
66 71
66 72
66 73
66 74
66 75
67 14
67 19
67 26
67 27
67 62
67 63
67 64
67 65
67 66
67 67
67 68
67 69
67 70
67 71
67 72
67 73
67 74
67 75
67 81
67 89
67 109
68 15
68 61
68 62
68 63
68 64
68 65
68 66
68 67
68 68
68 69
68 70
68 71
68 72
68 73
68 74
68 75
69 60
69 61
69 62
69 63
69 64
69 65
69 66
69 67
69 68
69 69
69 70
69 71
69 72
69 73
69 74
69 75
69 76
69 77
69 78
69 79
69 86
70 60
70 61
70 62
70 63
70 64
70 65
70 66
70 67
70 68
70 69
70 70
70 71
70 72
70 73
70 74
70 75
70 76
70 77
70 89
71 62
71 63
71 64
71 65
71 66
71 67
71 68
71 69
71 70
71 71
71 72
71 73
71 74
71 75
71 76
71 77
71 82
72 47
72 50
72 62
72 63
72 64
72 65
72 66
72 67
72 68
72 69
72 70
72 71
72 72
72 73
72 74
72 75
72 76
72 77
72 78
72 79
72 80
72 81
72 82
72 83
72 84
72 111
72 123
72 126
73 42
73 61
73 62
73 63
73 64
73 65
73 66
73 67
73 68
73 69
73 70
73 71
73 72
73 73
73 74
73 75
73 76
73 77
73 78
73 79
73 80
73 81
74 55
74 59
74 60
74 61
74 62
74 63
74 64
74 67
74 68
74 69
74 70
74 71
74 72
74 73
74 74
74 75
74 76
74 77
74 78
74 79
74 80
74 81
74 116
74 129
75 59
75 60
75 61
75 62
75 67
75 68
75 69
75 70
75 71
75 72
75 73
75 74
75 75
75 76
75 77
75 78
75 79
75 80
75 81
75 82
76 52
76 67
76 68
76 69
76 70
76 71
76 72
76 73
76 74
76 75
76 76
76 77
76 78
76 79
76 80
76 81
76 108
77 68
77 69
77 70
77 71
77 72
77 73
77 74
77 75
77 76
77 77
77 78
77 79
77 80
77 81
77 91
78 47
78 68
78 69
78 70
78 71
78 72
78 73
78 74
78 75
78 76
78 77
78 78
78 79
78 80
78 81
78 82
78 86
78 89
78 95
78 118
79 39
79 69
79 70
79 74
79 75
79 76
79 77
79 78
79 122
80 22
80 25
80 40
80 74
80 78
80 104
81 19
81 45
81 78
82 47
82 51
82 58
82 67
82 95
83 22
83 38
83 91
83 112
83 119
84 17
84 48
84 75
85 58
85 67
85 79
85 82
86 24
86 42
86 61
86 66
86 85
87 18
87 62
87 87
88 28
89 59
89 98
89 113
90 18
90 49
90 94
90 97
91 32
91 51
91 65
92 19
92 36
92 39
92 109
92 114
93 58
93 72
93 75
93 81
93 118
94 44
94 49
94 102
94 121
95 78
96 22
96 28
96 75
97 39
97 49
97 88
97 104
97 120
97 123
97 128
98 65
98 89
98 94
98 116
99 30
99 42
99 77
100 47
100 86
100 97
100 111
100 118
101 26
101 76
101 81
101 86
102 33
102 64
102 72
103 29
103 87
103 101
103 113
103 118
103 125
104 24
104 110
106 50
106 93
107 22
107 56
108 76
108 97
108 121
109 42
109 46
110 73
110 79
110 82
111 27
111 93
111 101
112 52
112 108
113 64
113 87
114 36
114 70
115 39
116 53
116 64
116 85
117 79
117 82
117 91
118 69
118 95
119 40
119 99
121 104
122 40
122 56
122 68
123 46
124 31
124 45
124 102
125 49
125 74
126 97
127 100
129 62
129 101
131 69