5,5,156~5,7,156
8,5,82~8,7,82
6,5,196~6,7,196
0,7,7~0,8,7
2,3,129~2,6,129
9,5,265~9,7,265
1,4,278~3,4,278
2,6,149~4,6,149
7,7,246~9,7,246
8,6,282~9,6,282
1,1,289~1,5,289
7,3,70~7,6,70
3,9,278~3,9,280
6,9,261~7,9,261
3,5,75~5,5,75
3,1,221~3,1,224
0,9,211~2,9,211
3,9,251~4,9,251
0,4,28~2,4,28
2,7,291~2,7,293
4,3,2~4,5,2
5,4,96~5,5,96
5,4,60~5,7,60
1,2,45~4,2,45
3,6,145~3,9,145
9,1,214~9,4,214
0,4,121~0,6,121
6,5,22~8,5,22
2,8,211~4,8,211
5,0,215~6,0,215
7,1,80~7,4,80
4,9,2~6,9,2
5,8,13~7,8,13
0,9,210~3,9,210
6,6,107~6,8,107
6,7,228~6,9,228
0,9,96~2,9,96
0,0,101~0,0,102
6,4,108~6,6,108
5,2,237~5,2,240
1,5,200~1,8,200
5,9,210~8,9,210
2,0,28~2,2,28
2,5,222~4,5,222
6,7,59~8,7,59
9,8,152~9,9,152
0,1,205~0,3,205
8,7,49~9,7,49
4,1,44~4,1,47
0,5,65~0,7,65
2,2,303~2,3,303
6,6,21~6,9,21
4,4,99~4,7,99
1,0,155~4,0,155
7,5,15~9,5,15
4,5,232~4,7,232
1,9,213~1,9,215
1,3,105~1,5,105
4,6,197~4,7,197
0,6,235~0,7,235
8,4,303~8,6,303
3,7,62~5,7,62
4,2,279~7,2,279
4,0,45~6,0,45
8,7,195~8,9,195
1,7,88~5,7,88
1,0,246~4,0,246
5,6,115~5,6,118
3,3,25~3,5,25
1,7,261~4,7,261
7,3,206~8,3,206
4,1,49~6,1,49
7,1,179~9,1,179
6,1,264~8,1,264
1,8,205~4,8,205
4,5,283~5,5,283
3,3,208~3,5,208
4,1,101~4,1,102
2,2,272~2,2,274
4,7,43~4,9,43
5,7,188~5,9,188
6,8,290~6,9,290
3,6,111~6,6,111
3,4,230~5,4,230
5,7,154~7,7,154
8,5,83~9,5,83
4,2,283~6,2,283
7,3,276~7,6,276
6,0,270~8,0,270
7,7,77~9,7,77
2,0,256~2,0,258
3,3,305~3,5,305
9,7,87~9,9,87
1,9,219~1,9,221
3,3,123~3,6,123
2,2,194~2,2,195
7,5,64~7,5,67
1,8,89~1,9,89
1,0,291~1,2,291
0,9,166~1,9,166
2,6,274~2,9,274
0,6,17~0,6,20
5,6,277~8,6,277
4,2,227~4,4,227
4,6,8~4,7,8
5,4,84~7,4,84
1,6,266~1,9,266
0,7,228~2,7,228
8,5,29~8,8,29
1,9,230~2,9,230
2,1,140~2,3,140
1,6,3~3,6,3
2,8,3~2,9,3
4,0,161~4,2,161
2,6,254~3,6,254
5,0,32~5,2,32
4,0,205~4,2,205
0,1,161~1,1,161
2,0,21~5,0,21
3,1,132~5,1,132
9,1,10~9,1,10
7,2,89~7,4,89
6,0,170~9,0,170
8,0,145~8,3,145
1,1,5~3,1,5
3,5,13~3,7,13
3,1,30~7,1,30
7,6,175~7,6,178
8,4,3~8,5,3
5,3,113~7,3,113
2,5,120~3,5,120
0,0,20~0,3,20
5,7,47~8,7,47
3,5,171~3,5,173
5,4,128~5,7,128
8,9,211~9,9,211
3,1,297~5,1,297
1,9,102~3,9,102
4,2,47~4,2,47
4,6,302~4,9,302
9,3,88~9,3,90
5,0,26~5,3,26
7,1,84~8,1,84
8,1,263~8,3,263
8,0,95~9,0,95
2,4,116~2,6,116
6,4,171~8,4,171
7,4,245~7,7,245
4,1,33~6,1,33
2,2,147~2,4,147
0,2,276~3,2,276
5,2,266~8,2,266
1,3,274~3,3,274
3,6,193~3,6,196
0,2,35~3,2,35
5,4,311~5,5,311
6,2,274~6,5,274
9,0,126~9,2,126
3,4,112~3,6,112
5,5,163~8,5,163
6,0,88~8,0,88
4,0,214~7,0,214
5,2,35~7,2,35
4,8,66~7,8,66
0,8,165~1,8,165
0,6,180~2,6,180
4,0,104~6,0,104
0,5,270~0,8,270
4,2,73~4,4,73
3,2,17~5,2,17
1,5,168~3,5,168
7,7,22~8,7,22
6,3,2~6,5,2
8,3,123~8,5,123
6,9,142~6,9,143
7,1,310~9,1,310
7,1,203~7,4,203
5,3,272~5,7,272
1,3,22~1,3,22
0,9,153~3,9,153
2,3,285~4,3,285
1,0,56~1,3,56
1,8,105~1,9,105
8,1,128~9,1,128
1,0,13~1,0,16
0,6,153~0,8,153
2,5,95~2,7,95
6,8,265~8,8,265
2,1,200~5,1,200
4,2,307~4,2,309
1,0,243~3,0,243
7,1,307~7,4,307
3,5,99~3,5,102
3,0,106~4,0,106
0,1,321~3,1,321
2,3,199~2,4,199
6,0,283~6,1,283
7,2,38~9,2,38
8,5,16~9,5,16
0,2,37~0,3,37
2,2,312~4,2,312
6,1,225~6,3,225
1,9,263~1,9,265
1,6,87~1,8,87
4,6,40~4,8,40
4,9,45~7,9,45
3,1,177~3,1,178
8,7,14~9,7,14
4,8,214~7,8,214
4,7,224~4,9,224
1,2,245~1,3,245
8,3,260~8,6,260
7,7,278~7,8,278
3,6,212~7,6,212
0,2,18~0,3,18
4,6,122~6,6,122
2,5,12~2,6,12
7,6,275~7,9,275
5,5,249~8,5,249
6,2,83~9,2,83
4,2,316~6,2,316
2,6,15~2,6,15
6,6,248~7,6,248
7,3,280~9,3,280
4,8,275~6,8,275
0,0,77~0,2,77
6,5,63~8,5,63
5,0,37~5,0,40
6,1,75~6,4,75
4,0,38~4,0,40
0,8,99~3,8,99
4,1,298~6,1,298
7,8,268~9,8,268
9,1,313~9,3,313
4,8,24~6,8,24
5,6,264~5,9,264
8,3,32~8,5,32
2,0,205~2,0,207
0,2,8~2,2,8
2,7,102~2,7,104
1,8,239~2,8,239
8,6,201~9,6,201
2,1,202~3,1,202
3,9,62~5,9,62
8,5,8~8,5,10
3,9,158~4,9,158
9,2,143~9,4,143
8,4,81~8,6,81
3,9,2~3,9,2
4,4,67~6,4,67
3,4,199~3,7,199
6,8,274~9,8,274
6,5,58~8,5,58
9,3,28~9,6,28
3,1,104~4,1,104
8,6,23~8,7,23
2,9,136~4,9,136
7,0,167~7,3,167
5,3,11~7,3,11
6,2,76~6,2,79
9,0,216~9,2,216
3,2,255~3,3,255
0,3,127~0,4,127
0,1,209~3,1,209
5,7,191~5,8,191
5,3,134~5,6,134
9,2,150~9,2,152
2,1,295~4,1,295
1,6,56~1,7,56
1,9,93~5,9,93
1,3,24~4,3,24
5,1,133~7,1,133
6,8,175~9,8,175
0,8,272~0,8,274
0,7,14~0,9,14
1,7,297~4,7,297
8,5,68~8,8,68
2,0,247~5,0,247
7,2,3~7,2,6
0,7,247~0,9,247
4,0,288~6,0,288
4,6,71~7,6,71
4,1,57~4,1,59
2,1,92~4,1,92
0,4,41~0,6,41
3,8,287~5,8,287
3,6,184~5,6,184
4,3,54~4,4,54
0,1,208~4,1,208
0,2,46~1,2,46
8,4,69~8,5,69
5,6,113~5,8,113
6,3,260~6,4,260
7,3,83~7,4,83
4,1,170~7,1,170
0,1,224~0,2,224
0,4,89~0,6,89
1,0,9~2,0,9
6,5,278~6,5,281
5,2,45~8,2,45
3,8,155~5,8,155
2,3,20~4,3,20
9,2,270~9,4,270
0,2,127~1,2,127
1,6,228~3,6,228
2,3,30~2,5,30
1,4,124~1,4,126
1,0,162~1,1,162
7,2,69~7,3,69
5,6,198~7,6,198
2,3,3~2,5,3
8,1,269~9,1,269
8,2,146~8,2,147
0,0,221~3,0,221
3,8,176~6,8,176
3,3,83~3,6,83
7,0,122~8,0,122
4,4,164~6,4,164
6,1,106~6,3,106
3,8,150~5,8,150
0,6,303~0,7,303
3,2,205~3,5,205
4,1,296~4,4,296
1,8,245~1,9,245
9,4,156~9,6,156
6,2,137~6,2,139
0,3,125~0,5,125
0,3,29~2,3,29
0,5,301~3,5,301
3,9,275~4,9,275
6,2,173~6,4,173
8,4,66~8,7,66
8,8,26~8,9,26
5,1,90~6,1,90
2,6,90~4,6,90
3,4,75~4,4,75
0,7,239~2,7,239
6,1,93~6,4,93
4,4,100~4,4,101
1,7,67~3,7,67
4,5,30~4,7,30
7,2,31~7,4,31
6,8,221~6,9,221
6,2,179~8,2,179
4,7,218~7,7,218
9,6,277~9,9,277
2,3,165~2,7,165
3,4,131~3,4,131
0,8,243~3,8,243
0,6,21~0,9,21
6,0,2~8,0,2
3,7,101~3,9,101
4,2,282~5,2,282
1,5,203~2,5,203
5,0,172~8,0,172
7,3,121~7,5,121
4,0,95~4,2,95
3,2,313~4,2,313
8,3,158~8,3,160
0,5,36~3,5,36
2,4,80~2,7,80
0,6,233~0,8,233
8,0,71~8,2,71
8,3,307~8,3,307
4,1,116~4,3,116
4,2,21~4,2,23
0,1,227~0,4,227
1,7,268~1,8,268
2,6,10~2,8,10
8,1,131~8,5,131
3,2,113~5,2,113
7,7,280~7,9,280
1,0,130~1,2,130
3,8,16~5,8,16
0,3,82~0,4,82
9,1,315~9,2,315
4,3,282~6,3,282
1,5,10~1,7,10
8,6,97~8,7,97
0,0,26~0,1,26
5,0,46~8,0,46
5,3,36~5,5,36
7,1,316~7,3,316
6,6,172~8,6,172
6,4,56~6,7,56
2,0,29~3,0,29
6,1,15~6,3,15
6,7,102~6,9,102
0,4,10~2,4,10
8,2,216~8,3,216
4,3,70~4,6,70
0,9,92~1,9,92
7,1,79~9,1,79
0,4,285~0,6,285
2,2,27~2,4,27
0,2,83~0,4,83
7,7,228~7,9,228
9,4,309~9,4,311
2,0,107~2,1,107
2,3,293~2,5,293
7,4,116~8,4,116
7,4,166~8,4,166
6,3,78~9,3,78
3,4,239~5,4,239
3,2,212~3,4,212
0,6,147~2,6,147
0,2,155~0,5,155
9,4,314~9,7,314
5,8,137~5,8,138
8,5,98~8,8,98
7,7,178~7,8,178
1,0,58~1,4,58
7,1,172~7,4,172
9,6,252~9,6,254
6,2,287~8,2,287
0,0,62~2,0,62
1,5,59~1,7,59
1,2,249~1,2,250
1,7,303~1,9,303
6,3,138~6,3,140
6,6,113~6,8,113
6,0,173~7,0,173
3,4,189~5,4,189
5,3,247~8,3,247
6,3,193~6,3,195
9,2,75~9,2,76
6,4,140~8,4,140
4,1,134~4,1,137
1,6,297~2,6,297
4,0,165~6,0,165
0,2,229~0,4,229
7,5,150~7,7,150
0,6,230~0,7,230
2,3,269~5,3,269
2,7,49~4,7,49
0,1,216~2,1,216
8,0,87~8,2,87
1,0,157~2,0,157
4,7,130~4,9,130
5,2,108~5,3,108
0,6,130~2,6,130
0,5,33~3,5,33
2,6,32~5,6,32
1,6,89~1,6,91
4,3,275~4,4,275
3,6,231~6,6,231
5,3,301~8,3,301
2,6,173~4,6,173
2,8,260~4,8,260
9,3,199~9,6,199
0,0,255~2,0,255
3,3,214~3,3,217
4,7,249~4,9,249
2,7,271~4,7,271
1,2,162~1,4,162
1,4,117~1,7,117
0,0,219~0,1,219
4,6,91~7,6,91
1,1,85~1,4,85
8,2,128~9,2,128
7,7,262~9,7,262
3,3,8~3,3,10
2,7,242~3,7,242
8,4,164~8,6,164
9,2,87~9,2,87
2,5,256~4,5,256
7,0,104~9,0,104
3,8,60~4,8,60
7,4,115~9,4,115
1,0,11~1,2,11
9,7,142~9,7,145
3,8,17~3,8,20
2,4,294~4,4,294
6,5,220~7,5,220
2,9,22~2,9,25
4,0,102~7,0,102
3,7,22~3,7,24
5,8,199~7,8,199
0,6,237~0,6,240
7,6,17~9,6,17
1,6,196~1,6,198
8,0,117~8,3,117
4,4,33~4,4,35
7,5,307~7,6,307
5,6,125~5,9,125
5,2,216~5,2,217
0,3,294~0,6,294
4,8,206~7,8,206
1,3,102~1,5,102
3,8,63~4,8,63
9,4,29~9,4,31
1,0,248~1,2,248
0,1,282~0,3,282
2,7,18~2,9,18
8,4,307~8,6,307
1,5,40~2,5,40
5,4,161~5,6,161
4,8,134~7,8,134
8,3,64~8,6,64
0,7,119~0,8,119
9,6,255~9,6,257
3,5,98~3,8,98
6,3,153~8,3,153
9,0,25~9,3,25
2,6,296~2,9,296
4,9,96~5,9,96
9,1,283~9,4,283
9,6,120~9,9,120
4,7,65~5,7,65
5,9,293~7,9,293
6,7,151~7,7,151
4,7,68~6,7,68
5,2,190~5,5,190
8,0,80~8,2,80
4,4,129~6,4,129
6,3,303~6,6,303
9,7,219~9,8,219
4,1,56~5,1,56
6,3,290~7,3,290
6,6,101~6,8,101
8,3,209~8,4,209
0,8,170~1,8,170
6,4,13~7,4,13
2,1,17~2,3,17
1,6,189~4,6,189
6,6,209~6,9,209
8,3,81~9,3,81
6,2,107~8,2,107
2,5,286~5,5,286
6,7,198~6,9,198
8,6,199~8,7,199
1,0,3~1,3,3
3,1,324~5,1,324
9,5,197~9,6,197
3,2,79~5,2,79
9,7,89~9,9,89
3,8,282~3,9,282
1,6,176~3,6,176
7,0,268~9,0,268
6,3,134~6,6,134
0,0,252~1,0,252
5,3,38~8,3,38
8,0,183~8,1,183
0,5,16~0,7,16
3,0,108~4,0,108
4,9,64~6,9,64
2,3,143~4,3,143
0,7,301~2,7,301
5,9,13~5,9,15
2,0,78~5,0,78
2,2,133~4,2,133
2,9,228~4,9,228
5,5,34~5,7,34
5,7,257~5,9,257
8,3,30~8,5,30
3,6,96~5,6,96
3,5,202~6,5,202
7,0,218~8,0,218
8,8,88~8,9,88
5,4,98~7,4,98
9,0,5~9,2,5
4,5,87~4,7,87
0,2,297~0,4,297
3,7,64~3,8,64
1,1,234~2,1,234
6,3,298~6,3,300
4,7,285~4,9,285
4,6,227~6,6,227
4,5,225~4,6,225
0,2,249~0,4,249
5,2,107~5,4,107
6,2,23~9,2,23
4,8,145~4,9,145
5,0,285~7,0,285
1,4,267~1,6,267
6,3,97~6,5,97
9,2,173~9,5,173
6,3,223~6,5,223
2,0,240~2,2,240
1,5,259~3,5,259
5,5,221~5,8,221
5,4,124~7,4,124
0,8,187~2,8,187
7,2,289~7,3,289
7,3,10~7,4,10
6,5,175~6,7,175
7,2,204~7,4,204
2,4,155~2,4,157
4,4,209~4,6,209
4,1,230~4,3,230
0,6,246~0,9,246
0,8,16~0,9,16
4,4,38~4,4,40
2,6,138~2,9,138
7,4,174~7,4,176
5,6,16~8,6,16
8,1,110~8,1,112
9,4,141~9,6,141
3,5,39~3,5,39
1,4,9~1,7,9
0,0,122~0,4,122
5,2,196~5,4,196
3,3,54~3,3,56
1,6,226~3,6,226
9,1,276~9,3,276
9,7,15~9,9,15
2,3,295~2,5,295
8,4,138~8,7,138
9,2,281~9,3,281
4,5,292~4,5,293
2,4,118~2,6,118
5,0,111~5,2,111
9,5,63~9,7,63
4,1,177~6,1,177
6,2,25~6,3,25
5,8,56~7,8,56
9,9,153~9,9,155
5,1,213~5,3,213
1,2,301~2,2,301
5,1,234~5,3,234
6,1,204~6,2,204
7,6,45~7,6,45
6,5,24~6,7,24
6,2,259~9,2,259
1,5,154~1,8,154
4,0,18~4,2,18
7,6,174~7,9,174
2,5,82~4,5,82
9,6,52~9,9,52
2,9,156~3,9,156
5,2,72~7,2,72
3,6,148~3,8,148
6,1,114~8,1,114
0,2,167~0,4,167
1,1,213~1,3,213
0,1,10~0,3,10
7,0,215~9,0,215
7,5,131~7,7,131
3,0,9~3,1,9
2,6,57~2,9,57
4,3,272~4,5,272
6,0,52~6,0,54
4,6,246~4,8,246
1,9,133~4,9,133
6,4,77~6,4,77
1,7,230~2,7,230
9,4,86~9,5,86
6,8,78~6,9,78
2,1,206~5,1,206
5,8,288~8,8,288
8,5,125~9,5,125
0,6,175~0,7,175
6,3,76~9,3,76
3,3,104~6,3,104
3,9,11~5,9,11
1,6,236~1,8,236
5,4,246~7,4,246
1,8,168~3,8,168
0,5,202~0,7,202
2,0,200~2,0,201
9,4,216~9,5,216
9,8,178~9,8,180
1,2,280~1,5,280
6,6,153~9,6,153
1,2,19~1,4,19
6,6,219~6,8,219
5,9,77~7,9,77
0,7,60~0,8,60
1,6,199~1,8,199
0,3,158~2,3,158
2,4,126~4,4,126
2,4,225~2,7,225
8,7,284~9,7,284
3,6,52~3,8,52
8,1,182~8,1,182
2,5,264~2,8,264
6,5,225~6,5,225
4,6,41~6,6,41
0,7,162~3,7,162
0,4,196~0,6,196
5,9,83~8,9,83
3,7,11~5,7,11
0,7,13~2,7,13
5,0,160~5,0,162
1,4,277~3,4,277
7,1,104~7,1,107
6,3,269~6,4,269
5,6,5~5,8,5
3,9,8~6,9,8
3,0,1~3,2,1
1,7,175~3,7,175
3,3,151~6,3,151
7,1,158~9,1,158
6,3,12~7,3,12
0,1,164~0,2,164
9,4,175~9,5,175
3,9,64~3,9,66
1,8,172~3,8,172
3,5,41~3,5,41
8,4,292~8,4,295
0,6,74~0,8,74
9,3,83~9,4,83
4,4,31~4,5,31
6,0,264~8,0,264
4,3,21~5,3,21
3,8,10~5,8,10
3,9,283~5,9,283
2,3,304~4,3,304
0,3,208~0,3,210
6,4,111~6,4,113
3,3,75~5,3,75
3,9,272~5,9,272
2,6,248~4,6,248
3,9,265~5,9,265
9,0,26~9,0,27
9,3,306~9,5,306
8,5,281~8,7,281
7,1,277~7,3,277
3,4,195~4,4,195
7,8,30~9,8,30
9,5,202~9,6,202
3,8,55~3,8,57
6,0,51~6,1,51
0,4,132~1,4,132
7,0,13~9,0,13
0,4,118~0,7,118
8,7,123~8,7,126
0,1,124~0,1,126
3,2,57~6,2,57
5,0,269~7,0,269
5,5,280~5,7,280
2,7,82~4,7,82
4,0,133~4,1,133
1,9,165~1,9,165
1,6,125~3,6,125
4,9,139~7,9,139
1,2,14~1,3,14
5,7,251~8,7,251
4,7,12~4,7,14
5,5,261~5,8,261
6,0,5~8,0,5
4,2,134~6,2,134
6,1,280~8,1,280
2,9,21~2,9,21
0,0,293~2,0,293
7,9,86~9,9,86
3,3,240~3,5,240
7,4,113~7,7,113
4,3,7~4,5,7
0,0,223~0,2,223
8,8,69~8,8,72
0,7,8~0,7,10
2,0,35~5,0,35
6,6,123~6,8,123
4,7,134~7,7,134
6,7,110~7,7,110
3,6,158~5,6,158
6,6,20~6,9,20
6,3,284~6,5,284
8,2,134~8,3,134
0,6,287~0,6,287
1,7,14~1,8,14
0,6,181~0,8,181
0,7,18~0,8,18
7,0,118~9,0,118
7,9,80~9,9,80
6,1,2~9,1,2
0,6,195~2,6,195
3,7,84~5,7,84
5,2,207~5,3,207
7,5,201~7,6,201
2,1,56~2,3,56
6,2,212~9,2,212
6,2,33~6,4,33
4,5,270~7,5,270
0,3,49~3,3,49
4,3,273~4,5,273
1,7,164~1,9,164
0,1,253~0,2,253
8,4,83~8,4,85
8,5,120~8,7,120
6,1,35~8,1,35
5,3,152~5,3,155
2,3,84~2,5,84
2,7,208~2,9,208
5,1,173~9,1,173
2,2,285~4,2,285
6,6,130~8,6,130
8,3,140~8,3,142
1,3,2~1,5,2
5,0,211~5,3,211
1,1,167~3,1,167
7,1,75~7,3,75
4,0,43~4,2,43
0,6,146~3,6,146
8,1,189~8,1,191
0,8,4~0,9,4
2,2,157~2,3,157
2,7,278~2,7,279
1,1,131~3,1,131
1,4,210~1,6,210
3,1,318~4,1,318
9,7,227~9,9,227
1,3,121~1,5,121
3,1,107~3,2,107
3,9,192~3,9,194
7,7,147~9,7,147
1,1,164~1,2,164
1,1,86~3,1,86
4,0,270~5,0,270
8,0,125~9,0,125
0,3,177~0,7,177
3,2,209~5,2,209
2,3,290~2,4,290
5,2,165~5,4,165
5,5,187~5,7,187
0,1,217~0,2,217
2,5,169~2,5,169
0,4,2~0,6,2
9,6,149~9,8,149
7,5,5~7,7,5
5,6,123~5,8,123
8,2,210~8,4,210
9,4,268~9,6,268
1,3,211~1,5,211
2,9,287~4,9,287
5,3,279~7,3,279
2,1,118~4,1,118
5,2,208~6,2,208
6,0,1~9,0,1
6,3,245~6,4,245
0,5,266~2,5,266
1,2,120~1,5,120
0,1,168~0,2,168
6,3,7~8,3,7
6,3,213~8,3,213
1,2,131~2,2,131
6,5,95~6,7,95
3,4,279~3,6,279
0,4,115~2,4,115
1,1,62~1,3,62
2,7,168~4,7,168
8,7,254~8,9,254
7,7,160~9,7,160
7,7,177~9,7,177
2,6,197~2,7,197
3,9,191~5,9,191
3,2,20~6,2,20
0,3,204~2,3,204
0,9,298~3,9,298
2,1,299~4,1,299
4,0,158~6,0,158
2,2,136~2,2,137
3,6,91~3,9,91
6,6,143~9,6,143
4,3,191~6,3,191
1,8,210~3,8,210
3,7,85~5,7,85
9,4,21~9,4,24
5,5,21~5,7,21
5,5,191~5,6,191
4,5,76~4,7,76
7,2,314~9,2,314
1,5,80~1,6,80
4,6,104~7,6,104
3,3,186~3,6,186
3,3,291~5,3,291
0,2,281~0,3,281
6,1,318~8,1,318
5,1,233~5,4,233
7,5,20~7,7,20
3,3,84~3,5,84
3,2,12~5,2,12
0,4,172~2,4,172
8,7,278~8,8,278
7,9,310~9,9,310
1,1,237~3,1,237
6,3,266~8,3,266
4,9,4~4,9,6
2,5,242~6,5,242
1,8,20~1,8,22
6,6,249~9,6,249
1,2,205~1,5,205
1,0,244~3,0,244
2,2,304~5,2,304
3,0,8~5,0,8
6,3,304~9,3,304
0,6,283~2,6,283
6,3,83~6,5,83
3,8,153~3,8,153
3,8,54~6,8,54
4,4,317~7,4,317
2,5,265~2,5,265
9,2,272~9,4,272
2,5,98~2,7,98
0,3,201~0,6,201
1,5,201~1,7,201
7,7,76~9,7,76
0,1,278~0,2,278
6,6,98~6,7,98
3,4,236~6,4,236
1,1,219~3,1,219
6,3,87~6,5,87
3,8,271~4,8,271
4,3,251~4,6,251
9,6,50~9,7,50
1,7,275~4,7,275
1,7,118~1,7,120
2,6,172~3,6,172
1,6,157~1,8,157
6,3,164~9,3,164
4,4,258~7,4,258
2,1,192~2,4,192
6,0,77~6,1,77
0,0,171~0,1,171
9,5,270~9,5,273
0,5,204~0,5,207
8,6,262~8,6,265
9,3,177~9,4,177
0,8,182~2,8,182
7,1,315~7,4,315
8,5,95~8,6,95
8,6,196~8,7,196
2,7,87~2,9,87
7,2,109~9,2,109
7,3,156~7,5,156
7,1,176~7,3,176
8,1,90~8,2,90
7,2,263~7,2,263
4,3,221~4,5,221
5,1,116~7,1,116
9,6,65~9,9,65
2,3,111~5,3,111
9,2,146~9,5,146
0,1,251~0,3,251
5,4,57~6,4,57
0,4,190~3,4,190
2,8,288~4,8,288
1,1,99~1,3,99
8,6,151~8,8,151
3,6,269~3,9,269
5,3,205~5,5,205
4,0,203~4,1,203
8,2,289~8,4,289
1,6,16~1,8,16
5,4,244~5,6,244
0,6,151~0,7,151
4,4,64~6,4,64
5,0,11~7,0,11
8,2,250~8,3,250
2,3,281~2,6,281
4,0,10~6,0,10
0,0,79~0,2,79
1,1,269~3,1,269
7,5,60~9,5,60
2,3,272~2,3,273
4,1,224~4,4,224
8,2,79~8,3,79
7,6,116~7,8,116
1,3,288~4,3,288
9,2,10~9,4,10
0,3,40~0,5,40
5,3,294~7,3,294
5,3,67~8,3,67
0,8,206~0,9,206
9,2,274~9,4,274
6,6,305~6,6,307
6,6,140~6,8,140
2,3,276~2,5,276
2,3,297~3,3,297
6,5,110~6,5,112
9,3,200~9,3,202
5,5,132~7,5,132
7,4,11~9,4,11
8,8,31~8,8,33
2,4,226~2,5,226
9,2,79~9,2,82
6,6,42~7,6,42
6,8,216~9,8,216
5,6,256~5,8,256
4,5,228~4,5,229
9,5,196~9,7,196
0,9,22~0,9,22
7,6,74~7,9,74
5,3,273~7,3,273
8,5,13~8,8,13
7,0,81~7,2,81
5,8,231~6,8,231
0,4,208~0,4,208
5,1,282~7,1,282
7,2,100~7,4,100
4,1,23~7,1,23
0,0,100~2,0,100
4,5,132~4,8,132
2,7,136~5,7,136
4,5,218~6,5,218
8,8,221~9,8,221
6,8,262~6,8,264
3,5,147~3,7,147
5,9,5~5,9,6
8,2,162~8,5,162
2,7,170~2,7,173
4,3,114~5,3,114
4,0,135~7,0,135
5,3,14~8,3,14
5,4,62~5,6,62
2,2,102~4,2,102
0,3,248~0,6,248
1,8,270~1,9,270
1,2,278~1,3,278
3,6,127~3,7,127
9,1,7~9,3,7
1,3,35~4,3,35
0,1,294~0,1,295
5,5,94~5,8,94
5,7,193~9,7,193
6,8,25~8,8,25
7,8,258~7,9,258
6,1,32~6,4,32
8,6,257~8,7,257
2,0,58~5,0,58
5,0,77~5,2,77
0,3,85~0,4,85
0,5,153~2,5,153
9,2,262~9,2,263
2,1,296~2,1,298
2,0,102~2,0,105
3,8,291~3,8,291
7,2,118~7,4,118
4,6,18~7,6,18
5,5,8~5,7,8
1,5,233~1,7,233
6,0,101~6,2,101
9,5,158~9,7,158
0,2,287~0,4,287
3,5,302~5,5,302
0,2,1~0,5,1
1,1,294~1,3,294
3,1,176~5,1,176
3,5,266~3,8,266
5,4,309~7,4,309
5,2,175~7,2,175
3,4,172~5,4,172
4,3,100~6,3,100
5,6,57~5,7,57
2,1,273~4,1,273
2,3,146~4,3,146
6,6,118~9,6,118
2,6,183~4,6,183
4,1,201~4,3,201
8,0,186~8,2,186
4,6,259~4,9,259
1,4,133~1,4,134
3,1,113~5,1,113
3,6,252~5,6,252
4,3,306~4,5,306
8,7,179~9,7,179
0,4,199~0,5,199
3,4,127~4,4,127
3,3,262~3,5,262
0,1,81~0,4,81
0,2,125~0,2,126
2,3,317~2,5,317
4,3,118~6,3,118
1,7,238~3,7,238
1,3,32~3,3,32
0,6,68~0,7,68
7,4,297~8,4,297
8,6,175~8,7,175
1,4,169~1,7,169
1,3,216~1,3,218
1,6,263~1,6,265
8,4,70~8,4,73
2,2,74~4,2,74
5,4,277~6,4,277
4,0,234~4,2,234
0,6,55~2,6,55
8,2,167~8,2,169
5,2,166~8,2,166
5,6,253~7,6,253
0,6,204~0,6,204
2,3,154~2,5,154
2,7,83~2,9,83
2,7,6~4,7,6
0,8,203~2,8,203
2,1,58~2,2,58
3,9,142~5,9,142
9,2,2~9,3,2
4,2,156~4,3,156
5,8,68~6,8,68
1,5,78~3,5,78
6,6,304~7,6,304
6,8,259~7,8,259
5,7,194~5,7,196
0,1,193~0,2,193
8,7,99~8,7,101
5,8,3~5,8,3
8,0,92~8,3,92
5,5,137~5,5,140
4,1,284~5,1,284
6,3,73~7,3,73
4,9,92~6,9,92
5,6,293~5,7,293
9,3,140~9,7,140
5,8,6~5,8,8
6,1,122~6,2,122
9,8,134~9,9,134
4,9,78~5,9,78
9,1,148~9,3,148
7,9,3~8,9,3
0,7,3~0,8,3
2,2,11~4,2,11
0,1,53~2,1,53
1,7,121~4,7,121
7,9,5~8,9,5
2,0,61~2,1,61
9,8,222~9,8,224
6,4,88~7,4,88
4,9,128~8,9,128
6,5,248~8,5,248
4,2,58~5,2,58
6,0,121~8,0,121
0,9,218~3,9,218
6,1,180~6,1,180
3,5,267~3,7,267
5,2,284~6,2,284
3,6,55~6,6,55
0,3,71~0,6,71
7,8,180~7,9,180
5,9,67~5,9,68
7,3,283~7,5,283
3,2,300~3,4,300
8,0,288~8,2,288
3,3,254~6,3,254
5,2,74~5,5,74
0,7,184~0,9,184
2,1,270~2,1,270
6,7,276~8,7,276
2,1,51~4,1,51
3,5,227~3,8,227
2,8,158~5,8,158
5,7,119~7,7,119
1,6,19~1,8,19
9,7,226~9,8,226
6,0,256~6,3,256
4,6,262~4,6,262
7,6,159~9,6,159
4,4,114~4,7,114
0,2,191~0,4,191
5,7,248~8,7,248
4,9,277~7,9,277
5,5,227~7,5,227
3,5,28~4,5,28
1,2,97~5,2,97
8,2,43~8,2,43
6,6,94~6,8,94
2,5,298~2,5,300
2,9,221~4,9,221
7,4,225~7,7,225
1,1,51~1,3,51
3,7,37~5,7,37
7,1,71~7,4,71
2,0,152~3,0,152
1,2,281~1,5,281
8,1,156~8,4,156
3,1,98~6,1,98
0,0,57~3,0,57
7,1,25~7,3,25
5,6,223~7,6,223
4,3,101~6,3,101
4,2,281~6,2,281
7,1,109~8,1,109
2,3,229~2,5,229
5,6,126~5,7,126
4,5,245~4,6,245
1,5,149~1,6,149
5,9,70~7,9,70
1,2,219~1,4,219
0,4,168~0,7,168
1,4,82~3,4,82
2,6,166~2,7,166
6,3,297~6,5,297
4,8,81~4,9,81
5,9,175~8,9,175
5,7,3~6,7,3
0,2,159~0,4,159
1,9,261~4,9,261
6,6,126~6,6,128
6,1,28~6,4,28
3,0,167~5,0,167
2,0,2~4,0,2
6,9,255~9,9,255
9,0,29~9,0,29
0,0,174~0,0,176
3,2,99~5,2,99
0,7,170~0,7,172
9,3,91~9,3,94
4,6,121~6,6,121
5,4,242~7,4,242
4,4,193~6,4,193
2,0,203~2,0,203
0,4,49~2,4,49
6,7,279~7,7,279
4,0,90~4,2,90
9,6,121~9,7,121
4,4,257~4,7,257
1,0,97~4,0,97
3,2,213~3,2,217
3,3,4~6,3,4
0,6,57~0,7,57
2,0,10~2,0,11
7,8,75~7,8,78
8,2,180~8,4,180
4,5,117~7,5,117
4,3,57~4,3,58
2,6,92~2,6,94
0,4,113~3,4,113
8,2,174~8,5,174
8,2,40~8,4,40
4,1,55~4,3,55
5,8,271~7,8,271
7,4,170~9,4,170
7,6,94~9,6,94
8,4,213~8,5,213
2,7,19~3,7,19
1,2,5~1,5,5
0,4,268~0,7,268
5,5,275~7,5,275
8,4,299~8,6,299
7,2,70~9,2,70
8,6,306~8,9,306
0,4,296~0,6,296
1,4,262~1,6,262
8,4,300~8,6,300
8,4,155~8,6,155
4,5,115~7,5,115
7,0,261~7,2,261
1,5,302~2,5,302
2,0,198~2,2,198
9,5,21~9,7,21
6,2,1~6,2,3
3,2,153~6,2,153
2,2,269~4,2,269
0,5,295~0,6,295
1,1,47~1,4,47
0,0,256~0,0,259
0,7,86~3,7,86
4,5,124~7,5,124
1,4,128~1,4,130
3,7,305~5,7,305
0,7,295~2,7,295
6,9,89~7,9,89
3,0,149~3,4,149
9,3,203~9,5,203
0,5,62~0,8,62
8,5,6~8,7,6
6,8,136~6,8,139
6,3,137~9,3,137
3,3,86~3,4,86
3,6,241~3,8,241
1,7,7~4,7,7
2,2,315~2,5,315
3,3,298~3,5,298
7,6,3~7,7,3
0,1,22~0,1,23
8,8,309~8,9,309
1,1,150~3,1,150
6,7,222~8,7,222
3,1,115~3,2,115
0,1,60~1,1,60
6,7,260~8,7,260
0,6,291~2,6,291
0,4,204~2,4,204
2,3,38~4,3,38
7,7,148~9,7,148
2,7,300~4,7,300
0,5,203~0,7,203
1,2,16~1,2,17
4,6,207~4,9,207
1,7,161~4,7,161
5,4,274~5,6,274
8,2,93~8,4,93
3,3,128~3,5,128
1,0,6~3,0,6
3,6,61~3,9,61
5,1,201~7,1,201
3,0,170~3,1,170
3,1,268~3,4,268
1,4,292~1,6,292
4,7,46~6,7,46
1,0,158~1,2,158
2,2,196~2,3,196
5,4,260~5,5,260
5,1,4~7,1,4
6,3,198~6,4,198
7,5,177~9,5,177
3,6,290~5,6,290
6,0,217~6,0,219
7,2,213~7,2,213
6,6,136~8,6,136
5,5,267~5,8,267
8,6,9~8,7,9
2,7,141~2,9,141
2,2,299~4,2,299
1,4,7~1,6,7
8,9,131~9,9,131
0,7,244~0,9,244
9,0,72~9,3,72
3,9,273~5,9,273
8,0,116~8,2,116
9,3,19~9,5,19
5,5,78~8,5,78
0,0,251~2,0,251
7,1,205~9,1,205
3,3,23~3,6,23
6,8,14~8,8,14
4,5,195~4,7,195
0,9,299~2,9,299
8,2,137~8,2,139
0,0,74~0,2,74
5,9,47~8,9,47
3,2,265~3,5,265
2,0,210~4,0,210
3,6,129~3,8,129
4,4,289~4,6,289
6,3,215~8,3,215
0,2,15~4,2,15
3,4,263~3,6,263
5,5,215~5,7,215
3,4,170~3,6,170
2,3,51~5,3,51
1,4,37~1,7,37
2,2,33~5,2,33
2,1,87~5,1,87
0,5,251~0,6,251
0,5,150~0,9,150
5,3,3~8,3,3
1,6,207~1,9,207
1,7,100~4,7,100
2,6,53~5,6,53
7,1,13~7,1,15
6,6,308~6,7,308
3,4,103~5,4,103
5,4,4~5,7,4
6,5,82~6,6,82
8,1,124~8,4,124
4,6,79~6,6,79
4,0,20~4,1,20
8,4,169~8,7,169
9,2,85~9,3,85
8,6,166~8,8,166
0,2,243~2,2,243
6,8,260~8,8,260
4,9,226~6,9,226
1,2,150~4,2,150
4,4,79~7,4,79
8,3,120~8,4,120
3,0,94~3,1,94
7,5,315~9,5,315
8,2,118~8,2,120
3,4,104~4,4,104
1,1,232~4,1,232
7,1,77~7,2,77
1,4,159~1,7,159
8,4,25~8,6,25
4,9,97~4,9,99
2,6,192~4,6,192
6,1,118~6,1,119
4,5,253~4,5,255
9,0,266~9,3,266
2,1,153~2,1,154
2,7,3~4,7,3
8,1,291~8,2,291
0,2,206~0,4,206
0,2,73~0,3,73
2,7,15~2,9,15
7,2,28~7,4,28
6,1,10~8,1,10
0,1,293~3,1,293
1,1,20~2,1,20
2,4,289~2,7,289
4,1,317~7,1,317
0,6,87~0,9,87
6,1,7~6,1,7
7,6,254~7,7,254
3,3,6~3,3,6
7,1,102~7,3,102
4,3,147~6,3,147
7,0,137~7,0,141
1,2,27~1,4,27
6,9,49~8,9,49
5,0,2~5,0,3
1,6,172~1,6,175
0,5,302~0,5,305